# sid numbers of rules to exclude from final snort.rules
# (determined by ITUS Networks or others to cause issues with common web sites)
2002802
2019237
2018194
2012251
2100527
2100649
2009080
2009205
2009206
2009207
2009208
2008975
2010515
2003099
2101201
2001689
2011695
2013359
2013358
2013357
2013355
2013354
2013353
2013360
2100648
2009080
2101390
2012086
2100650
2011803
2012510
2001219
2003068
2002995
2011347
2102925
2012263
2012848
2001046
2003055
2002993
2002992
2001353
2009205
2009206
2009207
2009208
2001046
2016950
2019509
2011507
2010514
2010516
2010518
2010520
2010522
2010525
2010527
2012056
2012075
2012119
2012205
2012272
2012398
2010931
2011764
2103088
2103192
2103134
2101852
2015526
2009151
2012997
2101201
2016672
2000538
2000540
2011367
2012251
2100528
2007994
2008066
2012180
2102925
2100628
2010697
2013479
2001046
2011803
2009768
2019490
2011347
2011037
2103133
2103132
2017005
2006445
2003927
2010908
2014020
2017479
